300
160
95
47
25
77
110
90
200
95
150
189
40
650
70
85
36
80
58
123
164
1000
493
155
104
111
207
40
230
342
123
143
857
149
110
152
26
90
112
420
129
213
187
135
250
213
288
288
600
128
115
95
100
72
98
174
75
95
250
165
65
250
90
250
500
165
140
124
150
185
176
100
231
100
142
164
66
200
60
85
55
489
150
400
210
316
108
286
249
156
160
103
300
260
275
150
146
160
282
275
100
150
100
100
130
431
260
75
90
180
139
70
120
66
70
68
98
120
165
425
279
205
30
49
768
160
55
54
141
700
160
55
195
100
1300
43
150
48
161
99
190
60
42
164
237
135
96
96
148
200
135
135
96
870
300
6485
170
170
145
31
164
154
78
147
34
153
257
140
45
120
290
238
53
825
280
100
125
130
49
49
107
21
64
114
150
463
124
142
66
226
380
95
65
140
45
105
45
325
45
52
636
725
395
73
225
152
100
181
66
145
134
246
50
134
157
50
58
160
451
160
383
135
303
279
330
171
300
189
75
254
212
297
92
75
53
80
143
180
310
304
120
252
80
80
235
100
140
160
634
46
296
280
69
550
593
550
296
219
86
105
39
210
218
71
135
60
50
287
476
139
86
360
203
230
147
1000
220
264
177
165
159
124
147
139
38
151
264
389
125
78
80
235
125
240
133
441
634
232
641
239
235
151
110
91
143
233
174
206
68
276
439
341
141
136
379
422
410
999
145
264
183
132
278
195
90
98
200
180
198
400
70
438
65
233
20
185
45
750
101
300
120
120
55
185
156
52
1600
199
333
135
80
200
85
49
275
100
100
437
75
4159
190
99
159
100
104
125
362
100
200
148
230
49
342
100
110
55
441
197
141
156
149
139
80
90
138
167
293
280
146
439
104
180
52
252
40
144
55
350
66
156
75
235
150
115
633
120
199
95
524
55
75
175
116
88
890
176
297
150
250
175
150
124
41
295
69
164
516
500
147
84
230
149
89
120
124
142
170
220
187
800
100
135
399
205
156
337
234
220
111
80
88
111
85
180
117
410
135
472
876
84
300
145
375
200
59
210
140
300
150
111
195
60
95
137
207
90
300
155
230
99
140
145
224
195
471
76
465
191
245
47
200
136
153
100
3301
290
190
450
134
106
219
283
150
124
85
680
130
266
145
112
65
45
741
102
109
300
350
301
100
73
120
397
126
317
87
90
295
50
55
94
120
355
160
160
190
140
120
580
60
84
200
85
85
85
295
210
85
3960
70
134
291
180
270
283
180
200
205
445
495
264
245
134
250
75
195
108
221
160
92
166
114
290
172
185
315
720
300
168
141
410
56
191
102
107
100
200
300
185
70
280
450
135
160
606
500
212
61
264
143
189
130
85
60
107
96
350
70
234
52
40
93
59
172
160
66
100
196
89
393
401
191
150
67
63
470
600
402
190
99
345
139
232
400
189
190
85
120
200
113
169
170
155
233
400
69
158
250
140
525
102
76
38
196
315
340
85
70
115
320
350
250
62
220
160
314
123
339
180
96
166
316
92
169
700
315
89
175
101
85
415
164
100
89
50
349
350
135
73
159
55
64
140
666
108
102
114
103
39
88
212
117
414
134
70
102
340
60
400
58
81
190
190
310
175
110
65
250
198
100
190
149
235
740
150
279
149
150
151
90
90
180
100
169
600
59
110
301
101
2500
154
100
150
80
70
180
80
86
1350
200
104
190
184
95
6500
140
3000
58
152
109
355
500
56
51
196
469
110
144
304
297
315
180
60
383
300
107
122
56
127
169
209
103
138
1000
366
157
436
140
220
140
80
200
99
625
1200
347
104
305
96
165
106
120
134
94
714
150
254
95
56
113
295
350
371
266
136
125
145
650
150
264
272
44
70
61
58
210
146
100
220
125
280
1082
35
71
335
215
120
205
248
464
136
461
172
46
118
100
35
345
134
1000
195

45
135
110
210
250
165
145
318
588
100
100
131
231
201
400
240
177
117
1500
133
80
480
67
686
200
808
75
110
450
635
270
140
105
60
145
849
90
283
36
220
170
600
161
110
328
350
300
250
425
325
1710
149
460
130
332
106
140
122
152
175
250
4000
361
105
180
250
50
3500
35
150
410
130
58
128
58
249
39
120
110
130
95
69
100
351
1747
227
154
130
155
126
298
78
70
240
173
161
140
90
35
140
55
116
110
179
471
82
219
190
99
195
195
75
235
240
65
293
63
89
160
315
120
100
140
84
765
70
115
251
79
80
146
155
150
163
690
238
45
231
98
135
191
246
380
30
110
200
510
135
115
450
300
133
85
185
250
118
75
300
48
25
225
52
139
200
80
103
900
380
400
475
250
130
52
58
175
130
58
71
100
106
59
390
330
250
325
115
260
65
105
110
228
250
135
300
283
160
215
300
236
77
196
140
4500
450
3400
140
102
500
110
207
68
81
130
90
50
59
189
135
162
299
65
215
59
185

145
210
90

300
193
100
255
65
97
120
75
141

250
75
190
278
110
53
52
343
290
190
195
130
360
92
110
140
270
60
966
92
400
81
541
345
75
192
55
150
105
80
360
112
92
300

610
127
258
230
350
232
364
300
170
85
96
170
343
145
360
212
95
258
356
79
450
85
570
230
222
82
371
125
75
110
336
365
67
70
2646
270
1775
111
225
68
249
190
176
350
150
99

93
120
150
160
172
140
104
324
293
166
150
135

309
188
147
150
143
174
103
250
500

188
180
750
199
120
185
150
250
175
150
423
180
246
200

60
200
220
385
210
190
191
240
202
210
220
300
633
122
75
635
160
160
109
140
503
207
350
829
10000
170
132
100
117
279
250
239
197
300
120
140
67
75
150
65
685
85
150
287
293
315
125
468
140
257
250
250
418
221
190
314
57
262
126
120
321
210
168
362
302
190
220
308
317
40
181
125
66
213
74
395
283
264
125
117
538
160
150
174
160
94
65
330
115
222
125
185
386
650
85
48
175
173
225
80
174
123
80
190
250
135
805
188
250
90
52
176
130
330

475
365
147
160
357
750
170
206
200
160
430
90
90
150
71
360
149
279
168
185
66
100
189
58
314
162
283
249
100
116
287
150
242
96
767
80
475
209
154
75
72
1178
202
157
120
650
100
250
400
631
850
120
195
145
150
250
140
214
95
400
255
245
91
177
61
111
178
221
221
211
167
133
135
330
111
167
108
225
119
200
110
192
141
131
79
155
104
75
765
75
155
128
1450
150
74
280
120
146
125
342
149
253
154
76
513
322
487
260
130
150
270
32
273
220
210
60
260
200
200
160
163
60
40
170
170
165
83
231
391
300
159
40
60
60
200
369
150
153
1800
109
92
150
60
90
55
148
55
100
60
291
190
119
975
150
201
213
132
200
505
290

400
240
200
264
300
154
305
257
197
162
89
187
40
686
71
185
160
313
106
67
49
38
507
319
95

84
1040
207
220
250
89
115
428
394
228
95
520
857
150
236
284
250
222
40
135
314
80
101
279
260
275
643
120
59
125
132
480
190

191
484
146
160
177
120
140
220
195
3200
188
299
627
194
650
188
99
444
134
105
250
146
130
160
650
93
65
287
204
270
120
165
147
113
231
160
81
65
171
143
155
350
495
740
125
180
120
180
350
481
170
190
300
357
87
289

68
275
100
400
75
400
311
126
70
175
137
1100
120

225

75
288
90
371
272
139
98
185
134
82
65
120
200
414
90
290
84
220
70
485
200
777
250
58
129
116
190
400
110
115
166
66
193
100
109
109
150
350

100
155
83
150
156
600
350
98
545
365
96
116
77
79
79
40
65
225
77
1115
214
156

190
480
68
85
400
122
164

89
109
192
85
91
134
157
79
290
109
75
53
80
55
134
55
50
206
87
350
55
106
93
60
89
92
400
500
600

132
76
311
40
38
685
125

129
160
224
415
326
99
72
151
125
113
120
45
99
495
550
65
226
87
75
360
140
143
110
90
350
145
463
355
196
99
110
80
113
62
80
85
329
198
193
400
44
75
490
175
165
50
63
45

135
110
254
201
204
185
302
302
229
1500
124
75
114
700
120
150
125
218
321
120
260
193
121
97
1886
121
150
272
300
200
180
112
298
170
170
156
127
111
70
180
129
140
297
196
99
150
291
86
146
171
215
207
86
172
144
999
226
135
95
165
428
275
120
250
339
86
115
215
179
180
113
481
128
206
283
138
172
391
229
141
142
75
100
381
120
165
110
100
280
200
120
150
230
119
450
190
200
564
200

200
80
200
190
99
397
95
99
178
219
500
285
129
175
332
184
152
271
125
337
407
253
428
260
110
295
91
90
106
99
304
197
136
136
224
204
108
224
183
190
282
252
282
204
217
197
150
190
190
320
197
258
252
251
278
212
167
238
150
105
529
177
329
503
299
280
190
194
238
217
323
207
175
190
278
126
155
247
183
224
196
300
240

125
200
190
174
219
48
120
105
180
76
171
600
118
150
223
120
65
999
90
320

313
203
100
302
84
250

100
218
110
90
177
500
642
495
171
267
44
683
159
145
116
830
88
315
119
176
159
83
260
217
101
101
101
127
127
128
124
124
102
119
144
605
124
141
234
156
169
225
135
113
134
279
158
120
255
143
130
144
191
263
132
493
226
167
414
170
552
143
193
97
157
509
200
116
144
200
190
85
141
113
135
114
148
180
320
437
115
200
105
1150
80
256
157
95
180
180
1500
494
194
350
19
350
150
225
120
165
180
99
298
69
146
270
105
404
149
58
158
140
120
130
182
140
170
170
130
90
90
95
210
250
75
353
600
211
234
254
142
150
400
156
415
250
253
151
31
215
275
780
106
476
476
283
240
1450
364
623
190
147
186
143
77
180
101
399
683
146
175
143
133
121
151
136
92
60
150
178
556
220
498
211
325
77
54
56
61
159
600
142
115
275
236
120
941
160
142
350
160
143
220
133
360
613
100
158
250
150
272
381
150
140
130
150
54
110
196
86
215
103
108
250
120
156
113
120
155
113
149
115
149
222
181
155
98
95
300
284
207
104
80
200
70
99
150
307
35
179
328
80
392
167
195
193
155
258
169
126
98
946
2117
144
196
177
135
200
110
423
136
231
95
67
110
99
159
389
170
144
143
175
3050
99
127
127
60
350
185
266
77
343
157
53
194
273
72
649
291
85
140
280
293
50
207
330
68
40
142
500
235
176
299
282
888
132
179
230
506
282
368
250
105
93
385
270
100
96
134
486
96
3050
292
3050
130
170
289
3050
3050
532
191
3125
43
38
375
483
121
136
73
172
120
166
300
208
300
343
541
290
218
77
108
169
78
95
212
236
631
471
118
153
236
113
212
159
132
199
1000
150
70
530
330
120
3125
239
897
138
555
95
382
239
193
194
106
450
160
185
510
281
116
221
267
149
99
249
258
174
206
158
261
197
223
177
100
247
149
134
174
169
200
195
460
180
450
162
157
367
284
75
533
139
152
86
220
162
130
134
139
132
95
340
125
472
111
317
255
250
171
246
170
106
130
125
185
180
365
125
177
100
188
50
203
289
97
115
132
139
181
132
107
175
320
180
278
150
157
93
750
248
785
172
65
109
375
111
250
307
99
126
1062
143
620
192
471
166
104
48
125
102
140
139
65
120
140
278
279
200
368
481
500
171
187
234
140
132
190
183
102
159
175
87
172
150
120
139
3125
203
209
71
71
209
391
175
350
103
137
600
120
60
203
115
210
91
142
256
65
152
150
97
150
210
314
78
105
174
236
700
193
87
190
740
550
388
290
80
65
250
340
110
216
75
207
200
121
110
149
124
85
149
187
140
129
528
150

190
110
273
225
39
205
220

575
426
574
226
3000
100
215
3000
1004
158
150
428
136
300
276
162
110
800
3050
133
130
150
161
100
98
100
425
203
203
120
250
131
266
95
103
171
429
292
130
205
115
250
220
47
611
40
227
510
200
221
714
200
109
192
229
713
361
80
191
179
163
90
126
159
210
156
179
66
250
59
104
59
202
110
158
287
136
631
269
373
182
102
180
260
225
50
306
534
132
324
380
132
1257
201
430
234
234
322
104
100
950
278
150
143
190
2000
240
99
77
220
275
156
390
244
126
3050
41
507
160
308
335
175
100
71
302
283
133
156
243
54
94
819
265
155
132
381
203
310
206
183
195
297
175
69
125
154
237
140
212
146
147
191
96
190
192
104
89
186
90
127
109
330
236
332
119
651
276
365
300
285
85
90
139
172
123
280
73
86
190
143
112
125
240
70
350
200
325
625
200
125
251
139
160
122
79
95
338
343
1200
600
200
303
143
700
90
118
335
144
495
400
310
234
464
187
124
200
115
221
118
66
57
360
400
178
800
169
149
475
111
89
170
161
51
203
183
212
1145
100
260
210
100
188
86
96
108
160
55
186
558
507
372
175
285
27
265
414
220
288
225
94
125
250
88
259
137
750
286
119
480
112
131
707
230
270
232
200
171
77
200
380
57
250
174
191
145
113
238
180
123
129
179
85
87
242
190
65
199
110
591
70
292
248
67
187
200
148
174
349
69
667
95
70
135
59
243
145
130
241
221
245
60
75
100
1185
800
163
695
101
190
144
145
871
237
158
278
510
600
150
285
43
117
394
144
60
316
195
120
40
133
300
59
224
90
118
190
569
222
345
89
247
170
255
297
186
76
93
120
70
144
46
326
107
130
151
127
77
117
82
84
550
298
60
215
125
226
270
67
450
75
449
108
1606
240
1217
90
181
180
632
100
185
195
252
154
150
133
1028
121
246
113
122
129
286
207
240
1000
135
225
860
173
170
200
90
49
85
200
72
188
315
179
430
89
222
140
285
907
63
166
123
186
158
176
100
140
242
148
110
102
101
93
159
201
337
450
124
400
257
85
80
220
266
270
79
95
479
83
800
175
175
80
74
264
325
120
60
800
186
67
471
167
242
227
90
129
490
57
78
58
154
336
154
69
71
229
247
217
284
399
64
40
231
177
160
390
150
499
700
120

202
118
201
219
122
212
250
219
136
750
105
40
98
97
369
350
171
363
130
234
66
164
185
144
157
116
170
88
75
114
73
210
405
165
114
278
143
361
1339
790
175
171
305
112
400
238
229
53
120
247
82
3600
155
165
1218
208
190
162
140
250
207
199
91
190
183
310
391
314
1411
189
274
183
537
550
214
135
183
234
211
435
296
236
417
172
300
220
356
382
238
418
150
490
369
282
71
119
142
186
222
111
104
149
189
191
266
429
110
50
165
200
100
355
187
151
269
167
384
151
212
218
264
129
345
244
185
178
96
121
186
122
304
198
494
755
846
175
603
475
757
160
202
348
132
172
218
514
222
222
205
152
200
196
142
317
152
155
146
240
300
1000
80
159
157
143
200
100
189
73
132
100

130
99
355
281
138
263
524
155
372
118
224
206
169
380
163
349
372
526
242
193
155
150
220
435
400
116
64
189
75
179
490

140
130
165
145
62
76
105
288
85
145
170
105
103
319
64
96
154
134
82
185
200
194
145
323
111
81
119
317
132
169
216
140
225
116
350
472
197
293
180
400
77
751
103

70
111
205
172
475
184
80
166
97
3125
366
80
90
1106
106
84
423
358
111
65
75
232
356
160
383
351
462
258
135
185
287
135
134
284
171
127
230
126
95
325
95
199
135
176
181
170
162
199
315
189
257
223
90
950
508
55
131
118
173
120
143
93
329
162
786
600
103
103
126
340
150
190
182
82
169
117
231
199
463
237
200
194
142
346
250
95
284
380
369
532
115
96
284
170
329
156
394
400
159
126
287
241
652
1219
126

177
60
435
249
108
145
297
220
183
681
136
840
167
189
258
220
175
175
224
213
214
239
206
158
190
77
201
1000
115
85
159
75
80
690
229
184
200
510
288
129
247
471
390
82
139
2000
116
579
405
358
50
50
75
160
139
58
196
183
124
657
266
192
148
418

98
400
390
145
236
153
138
142
343
190
135
201
575
219
190
72
561
380
210
94
550
137
408
543
220
248
249
125
95
471
183
418
189
106
942
151
157
798
159
325
142
71
256
100
89
160
165
224
171
153
253
177
98
200
119
349
188
236
120
170
150
109
150
165
246
95
128
291
301
494
167
90
100
477
201
125
206
161
300
198
301
90
116
193
316
1237
122
309
148
206
889
339
175
115
575
270
60
147
200
70
231
242
350
144
150
135
102
190
135
121
119
136
114
121
211
115
246
223
441
359
191
800
204
202
269
343
67
250
218
471
380
400
253
212
295
65
218
200
180
368
143
235
690
326

207
524
26
122
696
160
69
185
267
259
157
261
428
188
190
167
283
143
180
35

382
290
423
1353
160
125
146
80
154
351
224
308
201
176
120
495
209
313
145
211
44
288
185
127
178
138
85
348
172
127
81
110
326
152
131
199
140
350
171
145
597
275
135
202
277
234
159
131
124
418
72
187
264
39
274
185
319
231
139
212
312
119
190
325
192
238
816
254
165
229
151
474
167
130
227
124
418
229
100
100
237
253
100
100
90
90
258
750
124
108
150
162
130
260
231
277
134
112
167
100
100
100
143
180
100
226
128
105
213
184
192
192
111
215
139
73
254
89
630
115
90
203
253
177
298
100
350
128
148
455
342
135
202
6000
389
376
449
449
364
293
141
1295
350
120
276
215
130
136
182
106
138
167
246
105
323
163
229
100
231
90
198
138
153
318
60
100
170
177
588
231
351
260
124
117
135
225
148
147
107
102
100
100
288
134
590
63
167
218
120
155
127
249
137
232
560
432
282
90

702
145
538
240
528
70
279
115
490
165
152
316
15960
116
129
50
230
110
220
121
277
277
458
171
100
94
593
44
333
229
126
276
127
138
150
1596
246
811
120
152
227
287
126
102
203
515
515
310
126
165
110
428
211
378
141
229
176
125
3050
118
275
145
120
117
116
131
150
50
152
39
109
181
492
267
363
252
588
130
140
187
236
96
189
157
88
227
231
94
163
160
195
195
121
154
174
160
100
500
125
225
232
247
388
165
134
138
296
148
250
138
95
90
200
381
110
250
196
169
403
260
169
116
320
335
368
333
255
160
353
153
759
155
142
107
177
956
52
155
117
225
231
79
421
200
303
210
304
203
133
293
152
192
170
378
225
221
84
215
599
149
450
916
294
1645
132
577
973
201
166
344
504
536
759
418
164
154
137
216
112
121
176
259
271
177
106
184
190
203
158
110
240
126
633
495
303
244
1490
252
703
136
184
124
134
119
180

796
231
164
286
106
335
127
428
481
236
97
214
130
440

250
159
250
1215
140
497
410
109
268
136
675
249
118
129
150
648
320
152
174
129
232
193
140
280
122
202
203
143
123
219
881
74
300
550
181
206
292
65
171
358
259
368
342
16170
15960
329
90
15120
15120
15120
15120
422
167
250
1208
104
178
101
230
111
83
184
191
225
320
85
220
102
130
378
334
481
148
400
163
242
75
1000
198
525
130
109
237
125
99
109
137
340
119
1000
385
100
177
367
79
288
257
258
412
495
106
348
389
240
117
3050
115
283
199
227
133
400
603
250
499
117
195
133
125
132
225
191
304
100
136
249
160
280
166
226
176
362
135
120
95
143
348
100
843
5572
490
186
590
189
271
318
338
291
150
290
197
92
258
160
152
137
123
130
139
1051
350
790
92
318
450
210
150
512
1112
240
166
145
142
116
193
500
265
177
118
232
160
110
364
739
271
291
279
212
221
212
2974
256
180
27
130
96
100
149
370
54
208
200
402
59
221
481
206
168
80
250
397
213
622
189
250
250
172
76
130
90
150
83
100
819
199
250
354
177
271
159
213
222
159
177
148
159
600
85
116
200
3050
236
193
106
396
110
110
175
900
207
180
535
165
185
265
150
271
225
155
290
243
560
328
139
111
119
112
963
224
518
297
142
167
680
175
473
546
435
225
440
457
255
686
791
2900
1339
615
747
261
648
504
730
501
258
123
123
293
606
439
198
270
270
271
176
270
253
129
109
298
300
216
198
356
186
217
1100
118
79
285
189
249
95
473
237
173
145
100
452
428
252
300
352
273
131
95
325
97
124
213
226
349
372
125
117
150
325
177
172
130
135
158
275
213
231
226
164
130
4750
120
160
200
177
252
265
696
223
595
120
443
441
180
190
128
98
271
190
233
158
79
209
350
354
41
136
174
221
130
255
155
162
174
180
145
186
119
212
319
200
600
165
175
381
60
137
363
205
2000
82
114
684
320
166
110
215
176
202
1110
350
166
54
442
193
266
334
1519
110
265
245
126
316
205
124
90
161
265
613
281
291
252
55
401
342
10
277
372
264
309
10
394
285
231
62
55
55
152
210
148
1758
159
484
117
389
55
194
395
450
90
398
121
45
120
105
153
152
126
169
248
309
254
224
620
95
150
411
1215
500
145
172
169
140
125
261
301
693
120
193
193
224
211
105
373
228
493
79
391
177
236
136
190
70
235
5849
219
168
60
190
85
127
130
1345
148

90
1566
70
100
130
89
600
150
513
123
735
128
161
188
188
196
74
189
500
89

119
433
136
224
165
181
325
145
80
230
220
160
200
797
140
185
288
142
80
149
229
97
92
568
238
148
225
167
164
125
252
323
239
150
431
347
431
272
295
398
240
532
206
153
159
262
966
585
270
224
720
285
800
329
200
1142
209
215
714
245
165
174
89
95
120
160
125
1093
196
108
130
280
93
108
93
170
334
71
71
181
49
187
2500
50
105
151
29
430

391
101
185
95
185
440
106
212
105
224
60
160
538
180
198
262
216
331
159
142
113
70
495
285
255
124
421
1238
126
167
167
310
104
95
227
175
170
130
145
90
353
196
248
195
163
219
343
463
35
196
64
170
61
169
135
230
270
180
203
234
935
249
195
165
161
82
100
864
60
100
130
410
297
186
408
310
143
143
149
149
141
800
210
104
65
220
300
190
80
103
153
58
153
423
1284
200
264
459
473
370
59
42
157
235
53
148
151
194
10
10
10
10
10
446
85
292
104
1000
239
65
151
550
175
235
398
242
169
70
260
109
380
70
155
211
211
404
200
174
491
112
445
420
517
95
131
100
125
347
176
188
411
95
242
105
172
244
179
520
71
65
71
159
204
571
71
165
108
353
158
315
25
218
304
342
329
109
185
104
110
283
140
159
16170
158
253
249
659
69
75
97
276
430
159
171
177
370
333
10
508
457
257
560
278
316
248
398
391
379
427
560
193
498
529
110
195
243
297
350
140
121
600
418
58
10
415
373
439
307
530
464
406
369
366
424
334
442
563
395
378
186
407
145
189
213
189
125
189
406
189
204
189
189
189
568
189
861
341
195
146
70
242
209
422
189
70
189
189
589
297
189
154
304
158
189
250
199
209
198
158
238
331
153
158
148
125
75
108
171
42
60
133
193
510
550
91
295
272
350
260
180
312
66
250
291
240
176
158
161
200
425
125
170
300
75
360
280
109
290
112
76
174
294
174
113
219
53
215
280
158
341
330
284
178
230
200
69
266
190
227
80
410
120
200
229
1000
127
53
132
125
107
106
67
204
62
383
100
308
341
150
246
195
100
71
412
119
196
158
102
212
378
342
243
185
372
175
71
201
130
148
110
60
110
71
120
71
294
154
266
380
690
600
212
137
375
150
305
180
124
110
115
132
136
112

536
145
240
259
585
150
629
266
170
259
201
89
110
420
60
100
129
287
241
85
191
150
79
210
177
260
150
149
103
124
380
337
354
210
236
160
35
308
333
359
87
65
193
350
439

1157
144
120
50
130
444
524
219
119
55
249
48
240
336
109
210
1140
450
119
251
415
176
250
316
119
432
320
210
55
702
183
103
250
143
350
220
250
180
200

186
57
79
78
77
220
120
71
178
175
170
250
216
791
150
125
160
290
50
155
231
212
250
177
120
236
27
345
152
205
143
80
180
100
162
66
400
188
90
275
700
71
241
130
114
325
126
198
110
100
208
999
200
142
195
980
85
85
190
363
84
1000
150
150
305
177
1357
389
150
300
138
3050
184
172
77
177
212
175
143
238
505
180
220
151
350
399
180
151
150
750
500
500
62
387
643
154
104
95
500
999
355
750
278
199
320
78
179
858
130
99
212
160
454
125
89
500
180
89
177
368
242
681
390
242
242
180
143
95
380
250
275
263
633
824
182
250
127
143
190
275
230
176
176
123
1465
84
180
101
142
66
1045
350
197
176
300
104
185
620
170
145
106
177
285
376
114
153
64
150
207
118
81
150
171
90
198
180
121
1500
150
120
100
130
292
179
143
405
119
287
110
135
96
133
104
177
249
131
246
104
234
224
260
164
112
195
325
159
166
157
133
86
181
190
125
60
229
138
318
108
110
1105
367
210
199
105
206
118
126
165
121
76
185
145
150
224
228
110
450
2369
115
84
89
146
351
91
120
84
192
105
114
127
422
153
159
83
178
83
89
83
83
95
83
83
232
71
275
71
83
83
87
71
130
106
130
83
152
270
109
180
293
91
73
400
185
837
130
615
145
118
472
3125
224
184
70
87
295
212
85
156
280
86
124
150
289
166
69
141
121
177
142
179
290
125
104
366
236
160
186
160
139
200
224
165
258
141
123
150
177
130
100
107
223
99
130
122
70
125
129
224
153
168
101
309
235
82
148
850
198
220
1138
473
418
185
196
128
151
231
341
263
154
256
289
127
116
95
186
125
95
230
964
99

402
396
119
114
104
165
146
118
287
110
233
129
485
165
320
219
275
350
263
56
275
86
120
150
106
225
249
110
80
207
80
90
150
116
125
227
285
101
210
138
150
311
273
230
495
118
127
412
282
121
125
339
120
219
195
602
168
914
129
321

282
200
75
92
209
307
108
250
163
148
320
111
137
250
589
447
171
350
50
270
98
146
135
350
250
300
201
95
85
107
475
90
431
330
9999
200
71
180
200
325
254
165
171
114
71
106
262
368
105
1998
1500
933
120
116
110
128
241
266
480
78
287
193
79
287
100
176
230
189
80
364
445
900
131
580
436
249
120
426
101
380
9999
65
94
280
125
200
250
150
250
65
100
250
681
156
234
65
209
3125
310
275
415
200
133
89
104
174
210
160
159
93
48
260
499
290
70
550
105
120
168
328
198
135
253
476
499
550
312
176
112
83
140
83
106
98
100
1000
120
55
225
167
224
171
75
144
77
150
67
117
34
314
737
80
121
111
86
350
105
135
85
284
264
260
186
80
219
89
139
255
130
165
193
520
300
216
80
1872
204
265
103
250
200
222
325
259
1358
200
128
262
140
354
65
120
589
280
208
63
287
5679
509
21
101
65
119
120
342
171
95
260
220
144
333
180
1950
203
80
200
165
106
195
349
577
1859
143
147
199
48
775
220
90
1790
97
70
365
240
320
789
144
530
145
275
531
750
233
170
125
135
179
145
410
218
140
33
1260
391
256
550
112
151
216
130
196
814
127
280
101
150
80
189
120
189
299
98
369
217
206
230
344
254
289
320
241
182
265
108
1170
198
155
150
198
85
242
288
225
288
119
263
9999
110
426
150
142
60
100
125
150
236
132
270
55
219
290
150
138
60
60
93
60
95
213
106
191
180
167
105
65
371
181
345
117
150
105
94
117
117
94
109
111
94
96
269
127
86
423
140
122
71
137
150
221
221
84
267
164
129
181
168
133
192
110
236
286
110
122
143
110
110
110
63
300
301
420
241
105
172
240
240
250
122
221
197
96
135
63
317
119
200
118
100

160
209
99
199
1280
150
92
325
450
72
262
368
95
70
137
171
122
101
164
69
120
91
319
85
199
120
100
212
220
179
93
113
181
337
850
192
147
179
226
230
67
100
96
135
5700
146
425
350
531
103
61
350
641
76
118
165
978
220
201
170
371
524
100
143
83
283
68
200
493
130
179
73
418
97
91
225
211
247
165
165
239
75
166
144
148
189
80
206
112
65
230
108
175
177
263
270
89
58
141
65
84
185
65
278
65
78
195
589
495
149
61
225
358
284
159
298
111
386
650
410
93
673
180
64
189
136
200
290
1685
120
400
239
199
250
138
245
215
183
628
161
63
50
75
165
110
152
202
129
114
258
190
163
2257
434
43
87
95
380
100
43
555
194
500
232
496
248
453
142
169
55
251
630
153
8000
171
1770
190
159
95
118
209
243
45
97
110
205
44
130
50
192
200
142
423
400
270
150
196
105
224
185
180
95
104
89
80
399
180
250
150
141
150
600
297
200
27
86
425
88
166
156
350
147
173
85
100
200

150
142
145
121
60
156
463
79
274
144
183
298
120
106
450
236
160
260
385
167
660
131
90
113
550
610
158
165
211
89
179
224
245
55
452
96
175
91
92
123
9999
320
107
137
134
9999
95
183
89
67
66
55
110
114
130
308
180
199
60
433
336
51
150
259
92
160
230
160
109
160
115
160
109
109
109
80
550
82
124
247
215
120
75

92
757
263
135
80
900
126
115
522
107
470
295
109
105
1498
334
200
70
200
209
209
209
209
156
179
132
110
220
170
270
78
90
320
150
70
132
151
137
129
203
203
120
264
103
155
350
124
195
172

94
164
130
80
220
143
191
550
95
207
86
281
82
660
140
51
46
129
232
157
285
100
97
85
396
295
220
85
250
130
134
130
109
340
67
79
157
240
95
3000
150
236
120
76
51
136
146
67
210
130
320
150
149
76
118
180
59
112
211
175
102
163
250
170
49
67
67
131
211
110
100
90
83
151
577
75
84
1450
63
9999
310
510
75
132
277
120
204
430
230
129
536
63
230
111
187
115
146
554
50
50
140
223
287
121
279
378
168
245
743
95
111
289
89
2379
258
130
398
455
250
165
185
182
153
202

157
350
88
308
329
460
149
165
521
252
223
148
98
99
173
875
125
1500
119
230
295
1000
980
120
106
125
70
225
156
169
400
644
131
141
131
135
250
159
177
245
43
250
109
119
145
157
180
320
167
69
507
300
179
75
177
550
171
151
346
122
300
181
88
212
130
70
75
229
125
63
95
110
230
198
97
126
67
389
50
120
236
41
170
383
709
357
300
9999
170
152
216
109
153
111
1987
353
206
208
105
170
71
265
154
126
105
100
136
103
167
100
107
120
455
250
200
228
225
138
730
2500
195
51
250
158
90
77
276
50
110
1438
349
275
575
117
295
750
141
475
171
189
174
575
700
132
950
1375
255
202
123
208
180
320
315
403
97
600
230
205
286
274
264
169
402
222
89
358
139
359
5500
287
83
82
605
800
527
530
230
86
114
546
255
141
169
427
142
340
448
434
168
241
242
178
222
178
200
256
333
146
118
164
215
275
96
135
682
382
297
249
140
150
300
245
218
450
226
45
75
395
91
165
125
259
81
210
200
210
79
240
250
275
148
400
300
300
405
474
110
141
200
142
45
83
123
999
344
90
198
999
999
999
999
999
999
999
999
105
282
120
999
61
281
315
468
160
109
353
487
360
69
81
159
200
121
105
300
345
130
228
465
146
100
76
174
88
468
308
184
147
146
875
263
110
141
85
301
144
78
10698
380
107
32
402
10
117
126
100
198
106
250
209
2083
183
300
352
74
1176
200
77
70
666
141
450
344
136
68
127
130
147
345
280
70
224
76
114
33
73
1400
814
108
250
259
1428
150
249
1949
198
183
450
1603
60
130
189
150
50
140

200
290
3960
380
420
158
2572
490

285
357
91
171
110
96
198
282
71
500
150
118
109
134
238
110
43
235
144
71
133
322
239
396
350
105
280
65
250
296
390
120
530
130
240
291
180
78
342
1300
135
114
150
235
159
202
170
137
277
145
185
116
152
575
103
83
330
188
3600
371
275
257
650
70
124
299
119
119
314
229
100
164
313
165
117
715
1000
282
165
824
326
745
216
110
290
143
351
229
229
69
70
196
118
51
229
47
100
152
280
289
176
160
250
95
89
58
155
932
999
40
198
39
440
148
425
92
674
1521
336
159
552
128
118
60
110
256
197
248
198
189
263
250
334
55
347
376
185
200
178
285
498
316
83
440
165
104
164
134
106
108
202
133
94
256
280
275
220
170
177
165
406
136
650
220
595
579
260
225
250
354
100
200
152
450
325
441
313
247
179
312
279
195
300
227
3960

110
104
322
213
150
432
3030
243
175
212
135
135
135
180
135
135
336
70
618
123
251
125
224
161
151
259
270
211
67
172
90
197
156
177
126
146
192
204
197
131
154
82
96
159
66
428
156
329
135
135
236
386
90
125
165
211
245
228
604

179
314
90
133
182
200
99
208
171
250
50
367
138
157
115
70
96
110
95
188
185
124
162
400
185
200
345
114
500
983
230
93
283
245
160
387
218
258
144
248
100
126
245
122
55
235
108
211
1245
371
138
206
292
195
230
499
424
800
105
324
474
353
176
300
183
352
60
75
500
221
119
96
30
151
371
151
195
151
1219
155
417
222
378
154
179
209
600
404
150
319
139
133
105
193
193
149
536
177
154
350
3412
214
721
162
239
102
298
550
170
571
148
157
146
141
110
170
182
201
111
185
157
146
138
131
207
416
156
130
302
120
165
93
112
106
188
150
169
170
106
289
162
210
106
106
106
3050
441
79
317
95
106
68
145
112
122
150
135
211
78
350
74
302
112
251
380
1000
3564
60
230
157
288

200
152
433
183
130
450
100
154
100
240
261
90
160
137
1000
99
4500
330
100
100
50
127
154
220
217
3125
231
162
110
100
154
322
217
228
118
96
148
244
115
130
200
66
299
264
105
280
80
150
114
165
99
114
80
49
240
49
49
49
49
176
162
156
129
169
104
176
203
291
257
108
635
540
142
465
122
142
203
162
183
270
540
176
230
156
189
162
115
129
509
140
284
237
49
156
57
57
57
57
61
61
61
162
142
115
102
156
129
243
156
365
129
88
49
142
162
203
156
200
194
80
135
257
243
142
49
61
109
240
140
548
84
135
219
575
9999
9999
128
554
130
96
129
140
125
108
256
122
223
331
149
351
149
149
457
194
216
259
659
168
170
883
60
515
163
240
326
305
364
143
395
472
197
112
153
280
218
180
500
150
328
88
309
181
205
439
117
109
144
210
220
600
85
360
370
250
190
122
105
329
70
522
115
144
118
117
134
67
209
265
132
110
631
180
1230
107
100
319
213
149
50
130
156
180
95
119
106
180
96
75
420
130
150
226
354
300
336
245
177
109
230
171
95
211
259
73
189
144
380
173
158
220
150
234
228
242
502
403
88
329
457
293
160
392
175
241
265
189
300
175
173
174
121
253
219
397
110
267
670
127
100
113
70
350
120
102
280
200
115
150
1574
370
238
271
145
420
99
144
235
183
358
321
112
246
343
191
172
195
358
87
154
252
364
185
85
300
145
110
175
65
110
131
100
730
153
201
165
140
400
792
335
73
180
153
165
131
345
340
325
185
145
390
311

138
138
138
71
269
630
1224
101
449
500
195

190

215
140
165
331
200
179
570
267
186
186
60
223
1033
276
72
125
197
644
163
900
101
183
218
177
243
200
130
40
275
85
271
211
188
172
426
400
385
130
143
311
177
180
241
352
136
195
195
85
359
186
176
176
125
250
506
75
117
575
116
156
301
129
1500
65
276
183
3050
200
500
140
100
450
140
557
47
168
204
418
450
114
456
310
599
163
130
70
232
89
105
155
115
353
73
278
175
170
265
183
263
471
443
195
125
115
93
999
999
999
999
118
63
281
158
190
112
68
127
230
145
112
150
150
165
100

144
190
130
248
100
101
129
65
343
120
65
131
65
154
134
443
105
99
113
122
340
106
253
187
148
206
132
89
339
288
250
270
320
154
195
332
82
309
200
120
1286
1682
160
537
99
63
120
200
316
316
120

386
300
26
190
251
88
90
216
160
71
330
175
39
50
380
408
375
84
135
251
310
539
61
518
188
154
174
145
210
295
25
134
526
190
104
136
119
250
212
262
191
375
429
346
158
282
468
600
452
439
439
418
270
207
240
182
356
182
250
158
168
242
214
130
200
170
122
241
706
201
44
144
384
63
135
156
118
175
118
118
135
140
9211
256
130
156
9211
9211
9200
9200
300
119
120
98
507
65
69
107
170
150
220
169
1604
230
98
430
634
144
172
328
65
179
239
323
283
325
621
299
372
220
318
91
165
592
540
500
111
152
114
313
135
280
331
217
611
67
150
450
261
80
240
61
590
130
139
178
227
389
124
157
250
273
75
135
97
204
48
92
700
176
340
375
284
80
328
120
44
70
95
213

162
120
298
97
700
161
300
138
108
275
400
430
65
1000
279
54
120
115
144
225
141
84
265
168
320
168
300
369
150
26
144
105
98
188
557
159
159
180
43
45
136
90
82
307
125
146
428
120
113
280
212
9999
250
1976
139
186
100
169
168
149
143
207
95
250
433
142
193
191
99
163
120
225
96
176
120
200
265
100
346
68
164
213
112
200
219
91

186
250
364
1500
126
197
135
313
157
110
184
89
243
191
238
177
171
237
191
86
56
295
118
155
66
248
144
165
123
112
117
110
110
590
377
50
1500
183
215
168
189
213
91
160
241
67
229
349
208
500
262
285
230
169
165
65
33
127
110
42
355
691
189
400
90
129
105
380
214
340
92
250
60
177
65
80
1714
85
111
233
90
465
350
88
154
1000
153
112
400
70
100
122
531
120
2251
309
196
208
296
113
330
48
160
900
320
449
355
98
93
140
247
390
228
65
280
200
65
217
132
591
35
70
377
380
2129
187
249
280
186
149
135
93
201
123
82
1590
189
238
1540
437
1565
1500
1550
1338
108
133


280
120
155
350
43
140
300
208
254
1000
590
152
159
310
1354
253
100
294
65
185
65
114
95
190
642
208
65
207
184
153
300
141
339
113

250
80
113
132
149
293
223
195
196
200
355
310
110
305
108
82
43
227
310
135
203

65
131
400
258
207
240
230
169
589
261
122
274
436
331
154
108
135
111
127
151
123
135
165
95
50
110
110
137
380
89
78
120
381
130
290
97
75
201
321
350
201
201
359
36
115
113
89
50
250
176
85
153
626
85
69
230
69
69
175
320
162
223
331
73
199
190
290
219
184
156
69
543
81
130
65
112
500
363
109
375
40
88
94
140
297
169
177
150
189
94
224
148
98
310
279
110
454
358
223
158
77
580
142
446
170
69
130
160
200
405
99
175
177
1100
377
295
209
235
190
70
130
130
190
120
295
200
119
149
620
30
156
108
50
93
1150
139
207
275
82
384
290
65
201
243
64
390
165
260
232
142
331
270
160
75
145
200
50
137
139
85
295
80
304
142
156
169
135
162
100
69
109
174
123
172
309
471
301
64
295
171
27
141
320
165
152
108
284
65
152
151
57
236
141
288
222
143
30
90
69
290
450
175
277
72
95
275
231
177
100
714
135
950
154
325
125
106
203
420
696
295
132
208
500
155
90
160
133
390
196
350
338
236
68
245
210
106
119
167
235
400
329
197
142
398
158
442
384
138
190
350
273
333
115
108
70
149
142
130
142
300
99
170
189
395
208
25
146
106
120
624
171
309
170
110
240
242
200
250
475
99
2018
102
116
170
225
180
543
657
349
145
94
403
203
300
36
175
385
426
398
1450
188
805
501
141
214
172
864
221
79
471
779
300
158
116
116
137
116
116
137
500
181
190
91
236
253
228
203
155
149
179
285
128
216
253
250
365
121
254
304
456
251
262
186
109
168
154
141
230
188
118
224
111
71
256
80
378
181
272
410
450
157
221
881
201
99
326
196
153
237
237
237
55
65
130
135
195
171
236
165
95
59
449
238
591
267
97
114
150
900
142
124
80
300
193
75
1571
381
147
415
122
203
90
229
197
80
36
80
341
138
70
146
119
70
253
219
212
204
299
144
250
95
68
663
349
140
244
598
111
245
229
196
148
262
190
160
138
226
177
243
156
224
213
224
135
129
129
102
252
211
174
143
84
203
3714
126
178
223
155
99
176
144
218
162
203
240
339
566
186
43
175
254
201
178
152
195
174
107
116
88
610
203
108
102
1150
303
291
75
75
138
180
437
244
188
140
156
430
129
129
158
156
142
352
200
118
158
604
162
115
280
190
3050
3125
160
224
340
262
281
180
221
256
171
105
371
200
424
307
160
165
237
242
178
1090
259
48
327
324
254
142
188
85
353
222
227
114
182
195
118
244
43
210
327
65
244
275
330
562
237
100
160
150
268
148
431
264
195
355
595
450
288
210
95
196
169
201
280
122
142
200
341
223
326
122
177
495
418
350
373
655
168
505
416
160
335
177
188
178
122
129
163
105
155
108
95
139
282
301
400
80
278
243
262
95
99
143
165
191
84
140
110
194
150
246
148
63
130
184
171
115
122
142
162
149
176
999
128
5000
297
304
176
142
183
127
378
899
661
96
170
332
140
153
239
500
350
161
295
253
406
224
224
101
227
134
350
120
295
105
157
741
195
160
193
560
697
210
200
67
267
199
720
359
170
163
156
195
285
62
300
196
307
84
152
120
700
261
493
172
167
171
85
332
176
168
400
125
130
350
279
413
516
500
230
120
257
173
343
280
448
120
310
110
250
335
183
49
49
49
49
49
49
49
49
57
57
57
57
63
63
222
63
423
670
115
100
115
191
152
191
191
200
136
360
158
100
463
590
200
191
166
84
223
117
300
550
530
112
129
195
243
236
158
212
65
124
34
293
214
153
94
94
86
75
56
750
60
70
250
400
236
261
239
793
80
95
172
140
173
550
165
115
257
386
145
147
676
178
140
207
187
232
332
146
130
177
112
130
165
122
120
99
213
177
108
60
60
127
152
93
404
87
140
168
140
176
215
93
221
158
133
111
93
134
105
111
111
153
650
488
70
435
472
887
296
115
130
118
200
194
288
164
154
75
334
140
304
130
205
159
116
149
211
156
75
158
36
73
537
40
203
167
168
165
195
420
450
84
136
127
212
82
180
118
528
3000
53
100
145
80
79
151
122
137
431
189
189
320
271
65
80
150
135
150
254
128
256
503
203
442
450
250
206
177
135
236
170
118
170
130
100
130
160
106
148
91
317
139
81
188
171
269
295
102
157
120
53
90
800
80
100
300
120
285
153
107
178
56
300
40
204
646
473
211
185
180
1333
669
121
221
100
350
200
47
40
88
103
358
80
54
465
363
211
41
314
175
175
181
81
150
126
355
130
192
330
156
162
171
161
100
290
237
241
173
222
218
110
247
100
100
123
164
315
103
200
175
100
100
100
285
606
360
100
100
100
100
315
196
100
100
100
100
197
1450
496
515
343
188
181
228
100
150
104
27
149
156

54
118
104
70
44
270
155
118
118
535
155
234
120
158
83
65
49
205
245
176
220
63
89
50
250
393
129
150
79
255
131
489
1037
1090
85
183
120
144
219
703
1058
156
1714
589
2035
2981
317
79
57
85
376
424
39
500
46
41
360
129
164
98
796
769
712
700
157
1018
551
472
750
3700
151
129
1164
528
276
190
350
121
72
101
51
149
103
195
180
312
893
117
280
134
128
316
140
213
111
82
200
110
144
190
223
216
148
118
159
70
218
153
1224
116
255
425
72
93
1450
50
170
100
75
172
465
210
99
218
518
199
680
150
228
110
682
96
66
307
141
98
134
160
120
120
329
236

230
280
68
96
221
153
95
247
87
263
130
145
155
525
145
158
414
159
101
115
90
210
125
103
116
66
41
219
148
63
250
142
220
67
1239
180
250
85
112
290
80
55
643
60
231
380
245
395
138
26
450
136
96
96
117
60
326
177
77
100
225
131
82
138
100
183
173
130
143
211
383
168
238
92
429
165
144
230
325
103
78
75
100
264
163
252
310
200
197
110
90
85
151
110
533
520
58
143
205
70
169
275
217
200
118
234
1302
364
1169
264
1447
9999
9999
9999
9999
9999
9999
9999
9999
9999
9999
150
9999
9999
100
100
173
1148
197
161
251
306
187
114
125
444
300
1033
317
165
211
114
543
327
36
130
143
259
476
65
330
110
317
179
183
178
182
83
262
327
150
893
283
159
177
322
295
137
259
198
177
187
314
2636
148
564
120
501
296
79
324
93
130
340
174
1000
649
89
330
1022
263
154
122
96
45
62
180
63
305
171
167
164
153
39
111
220
411
43
79
121
243
340
119
500
224
118
110
160
80
178
145
125
500
181
217
700
450
48
275
95
101
500
137
100
500
123
95
180
400
85
248
28
295
44
156
43
80
96
57
186
425
240
245
70
190
131
655
193
215
158
125
138
28
282
82
123
160
133
231
129
118
765
123
266
676
85
74
140
70
60
89
41
560
1500
1500
158
250
124
400
85
1500
122
298
125
564
400
560
136
91
490
111
116
111
212
538
360
177
1500
198
573
9999
115
85
118
198
1199
1499
999
100
180
183
94
64
1500
90
110
205
95
185
115
145
149
73
620
183
120
437
104
160
236
9999
90
59

243
169
135
100
96
202
95
163
89
75
251
120
220
180
171
171
150
82
90
500
115
136
1129
110
227
70
1000
210
110
99
117
73
158
130
84
150
565
75
381
85
182
212
267
54
90
148
200
1290
118
100
101
137
284
153
148
153
163
82
164
249
169
295
174
103
80
123
111
240
295
71
120
1724
1500
145
118
108
376
209
263
57
1500
2124
130
60
308
185
442
260
520
610
200
1500
112
171
233
164
1500
120
115
120
1500
120
120
120
120
1500
127
146
280
199
1500
281
216
500
1500
199
216
1500
128
696
75
289
230
180
77

743
230
242
67
121
134
95
89
90
202
90
520
180
440
166
170
366
229
163
1500
1500
1500
100
1500
239
413
183
342
191
271

648
193
242
191
349
283
572
215
112
247
199
286
38
257
201
65
193
150
211
170
213
80
68
95
45
240
199
383
2500
678
142
142
350
500
114
185
664
670
124
142
125
64
1500
153
1500
150
106
492
240
153
242
171
270
200
187
1500
100
153
700
500
73
123
120
160
256
280
254
158
128
158
236
175
45
1500
86
223
137
165
92
271
195
53
88
140
261
80
1900
199
250
160
250
415
535
207
127
160
314
116
79
287
124
73
160
250
183
142
363
129
135
231
892
81
190
77
94
136
128
117
5000
132
850
250
110
95
92
120
150
196
160
800
178
286
459
459
475
259
40
363
468
692
686
1534
295
135
196
189
198
295
312
384
233
158
114
181
158
120
433
40
300
214
280
34
100
80
351
220
128
128
459
27
55
86
40
20
672
1745
490
130
95
109
434
290
189
36
200
136
142
405
132
165
443
155
160
459
471
150
354
110
178
452
154
163
110
163
163
105
367
293
329
250
690
160
800
163
75
472
110
163
134
62
102
265
100
140
83
278
83
165
100
209
120
215
100
1000
173
100
95
292
154
85
89
100
77
77
90
112
118
179
2171
400
289
79
48
143
204
85
185
1449
90
150
240
310
57
291
115
100
120
256
196
120
60
90
304
165
85
42
85
42
142
80
106
256
98
84
98
380
110
150
280
550
215
46
65
143
228
82
824
165
174
123
177
242
282
197
58
231
175
135
42
77
118
200
104
200
70
349
108
390
923
778
156
300
694
424
108
96
53
277
232
270
54
70
621
125
742
66
67
465
96
384
1000
265
79
290
185
128
42
159
177
212
46
129
95
133
94
231
276
83
83
195
250
123
62
80
195
76
101
145
151
216
224
268
315
268
243
845
129
50
85
65
62
65
46
46
140
100
54
132
211
85
306
357
75
225
187
988
239
235
150
94
157
103
85
127
169
157
187
115
97
248
139
95
119
128
229
188
242
315
175
144
215
207
200
121
162
157
157
246
121
157
364
129
133
182
136
175
100
40
147
118
134
230
117
143
135
201
295
151
550
416
255
65
507
183
99
85
136
323
246
277
206
95
362
159
164
156
150
125
400
85
101
160
246
153
216
66
172
359
270
76
111
236
219
230
158
112
249
170
130
101
66
189
114
280
175
300
38
137
143
106
236
460
184
73
246
92
470
420
171
943
65
150
88
1100
159
42
188
100
80
70
70
70
83
251
497
399
215
100
35
174
254
110
519
251
130
123
55
69
177
118
236
334
83
259
148
280
230
190
131
206
280
300
106
55
75
107
99
192
205
94
320
125
293
375
217
35
81
477
179
62
78
58
223
92
94
87
189
252
95
350
100
770
95
550
30
160
91
46
50
73
102
115
145
133
151
187
238
340
166
154
220
251
233
198
25
116
417
598
199
664
296
101
125
79
330
184
152
220
100
92
90
561
110
68
128
193
306
130
235
405
140
160
177
282
231
800
175
239
215
247
207
48
514
63
140
168
113
168
294
400
78
100
258
255
140
899
236
189
200
285
95
276
142
140
367
750
345
486
71
69
100
992
649
90
195
271
613
177
190
536
140
161
141
190
305
220
190
220
356

195
502
470
132
129
241
488
122
321
222
177
1578
460
225
261
130
285
314
141
422
314
166
942
1000
310
235
220
141
153
109
899
2500
999
1349
1199
198
144
95
213
86
998
133
106
3050
257
257
138
199
110
69
104
171
450
151
98
200
120
120
120
120
176
266
73
260
133
75
153
234
70
123
135
59
120
85
179
111
126
111
111
211
156
210
193
338
156
406
148
124
326
302
195
437
239
120
193
169
190
110
159
78
236
350
326
327
139
183
374
1120
80
218
116
1110
330
124
481
110
154
284
418
219
250
355
68
83
295
140
65
78
130
160
467
108
399
99
111
455
65
300
165
142
176
209

350
331
339
157
272
118
824
166
134
600
45
125
330
183
137
91
700
632
661
254
717
224
172
195
258
219
390
195
7540
450
183
958
332
732
101
164
79
178
280
241
1500

1500
238
1500
500
154
50
46
1175
89
458
196
130
366
199
417
399
221
235
32
282
177
390
121
104
96
213
201
278
223
290
250
185
242
191
34
122
375
1100
180
340
314
50
188
213
183
149
895
236
583
150
1500
950
268
119
230
541
194
229
130
130
148
324
230
182
2224
89
400
169
179
94
111
125
154
156
91
162
264
70
550
237
110
203
169
412
156
122
135
183
135
216
162
162
149
149



148
147


229
160
228
212
324
159
252

883
300
155
172






2300
230
219





492
331
248

125
326
381
90
260
185
206
60
1209
500
347
900
999
636
120
161
105
302
165
95
90
143
212
87
140
98
320
284
170
67
122
2104
132
190
366
110
1500
86
50
85
289
395
600
58
79
169
166
170
102
152
160
192
759
173
216
181
231
204
346
236
346
435
190
190
111
410
345
45
249
42


170


342




281
182
264
112
230
254
413
800
119
177
40
117
175
1500
182
352
199
999
88
133
359
196
155
83
217
669
170
177
171
219
165
428
170
226
1415
1333
346
352
253
637
923
263
253
150
153
695
115
61
494
183
83
108
117
271
259
271
520
101
200
1403
153
60
182
119
829
440
82
94
190
750
990
81
50
78
100
140
411
235
174
26
282
128
1500
83
1500
113
35
189
438
253
300
67
104
104
111
86
225
120
65
77
117
118
375
1500
230
1500
79
163
129
1500
133
246
1135
189
1500
162
112
656
548
71
206
514
304
208
244
321
130
233
271
201
150
155
196
116
635
199
190
230
99
92
355
225
1118
1500
200
1500
142
410
130
182
1500
1500
1500
80
1500
279
300
251
247
63
228
84
3203
5750
1869
1513
1392
1708
207
1500
395
186
500
119
235
203
153
117
115
67
250
195
130
545
212
166
180
745
50
2040
50
88
1500
61
1500
48
75
473
500
275
700
1200
1200
48
598
39
131
104
1200
130
485
110
208
372
95
152
219
407
380
212
80
199
300
180
144
1099
150
197
354
80
389
354
155
338
59
112
125
105
45
164
289
104
164
152
149
1000
75
261
92
335
500
142
900
290
338
317
85
90
138
372
110
434
474
118
118
188
174
85
340
86
329
325
1250
159
1000
110
144
123
146
132
113
200
149
550
1000
76
1000
108
518
89
95
537
301
145
83
35
100
83
83
190
112
400
2785
45
51
91
97
199
200
386
42
169
85
100
65
244
190
129
120
118
4103
357
409
697
151
117
106
31
151
133
62
168
164
832
171
162
195
669
156
137
222
193
133
140
183
99
118
177
112
404
112
96
183
520
1000
85
110
249
264
177
79
500
488
185
70
102
197

140
116
307
87
473
72
318
262
131
250
300
115
70
192
40
128
220
300
1580
2899
65
131
108
142
165
71
152
71
390
172
266
236
51
49
44
250
184
316
363
134
347
300
173
165
115
63
220
56
295
382
1500
1500
100
180
416
100
215
221
577
283
500
648
240
23
165
424
260
281
300
156
92
124
290
85
79
95
148
433
183
120
110
161
118
353
130
248
75
142
17
97
125
70
209
1119
357
215
390
278
218
224
212
75
150
400
200
263
295
283
104
634
150
715
176

35
443
300
245
75
148
443
113
500
275
500

500
195
1500
1500
242
133
762
360
500
1500
133
122
150
122
190
250
216
70
135
139
246
1500
142
224
850
2500
1500
174
139
338
122
171
153
140
200
135
195
143
164
77
62
248
409
174
184
261
189
54
374
1000
229
174
342
283
65
50
500
101
364
84
675
183
80
240
408
183
490
350
55
190
266
122
215
79
70
286
106
134
263
3742
130
80
1200
202
338
112
585
125
420
104
449
59
136
104
104
163
165
999
1499
125
699
145
210
400
999
520
258
304
75
564
5000
574
118
3686
945
310
40
570
150
206
224
133
110
158
142
88
152
362
84
81
4500
236
126
271
62
100
83
83
83
140
148
340
550
295
150
150
122
80
60
125
999
120
83
83
165
232
140
459
229
550
71
231
260
120
900
375
87
91
56
1500
25000
152
192
290
130
500
100
141
135
55
104
175
160
30
303
119
241
211
86
143
253
119
129
33
120
211
211
111
191
285
71
600
148
180
164
344
132
900
89
276
140
717
121
132
130
80
171
149
173
173
238
246
129
100
40
296
231
430
144
85
130
88
199
40
83
227
150
118
166
600
124
92
100
80
248
73
216
199
199
279
883
450
202
112
126
350
158
205
65
60
250
150
1500
148
163
1089
100
1500
120
146
342
336
1500
25
220
80
35
9999
152
170
1200
1500
562
500
720
1500
1500
1222
85
122
400
65
89
246
50
51
136
74
98
305
108
176
800
150
60
114
205
54
180
83
108
523
100
118
253
149
362
127
90
600
1500
320
91
900
140
40
170
64
326
210
29
179
179
179
58
179
179
900
300
295
55
69
220
1500
100
515
174
150
68
54
479
300
350
425
500
100
95
70
500
50
121
150
149
1500
1500
104
1700
158
110
300
71
151
415
128
110
1500
386
251
120
112
134
136
148
235
300
300
105
300
142
153
269
1500
200
33
1500
239
3031
1500
1662
1363
178
205
127
83
1500
342
79
96
35
264
839
451
53
223
1500
1500
190
126
65
297
256
436
253
786
75
6711
254
196
346
163
1500
278
1235
300
149
330
216
469
90
500
75
1235
172
189
359
85
143
143
143
172
172
172
43
900
900
654
86
325
120
276
1235
73
123
249
450
886
103
115
226
74
83
94
1500
70
80
437
247
267
70
169
174
94
150
40
400
252
113
122
549
354
87
107
330
89
104
247
471
194
500
185
165
460
40
135
100
142
80
132
107
180
210
950
115
336
250
159
169
195
100
500
40
85
114
40
360
50
80
786
425
472
184
184
450
215
98
1485
750
676
155
24
185
278
2769
100
500
600
375
99
164
159
378
220
154
78
1500
160
158
298
377
149
160
102
209
115
40
199
223
216
316
70
74
500
285
115
90
48
199
85
100
2353
262
500
343
168
297
202
1412
1412
168
236
554
247
645
1000
300
60
269
481
185
130
105
87
88
228
99
78
166
396
41
140
337
399
152
90
140
320
89
220
104
165
120
535
284
314
284
100
46
112
675
1158
1000
120
465
600
60
400
500
663
219
60
165
300
589
199
1559
130
207
70
150
160
139
406
336
157
130
6001
160
235
87
500
224
194
186
500
350
210
229
204
417
151
64
159
730
95
80
500
103
250
466
170
126
278
78
296
181
222
113
130
130
310
183
111
471
80
756
61
40
88
222
128
225
50
177
187
116
150
616
224
448
114
129
493
75
191
186
216
172
153
937
127
95
173
115
145
505
359
225
105
31
125
445
119
105
465
515
40
50
100
61
121
47
120
165
110
500
106
335
295
250
234
103
143
235
100
90
50
180
686
180
190
180
157
200
331
698
354
145
1008
500
500
1718
301
827
500
598
273
457
1073
235
1738
495
35
400
819
394
308
1077
475
1075
956
80
824
884
1095
950
56
40
154
154
500
218
462
500
154
538
664
337
124
632
555
1312
1432
1625
705
500
939
965
840
500
194
909
143
967
139
106
342
524
281
140
350
95
41
95
231
1500
1500
223
1500
139
382
161
147
180
126
229
450
74
277
905
312
442
312
190
448
360
340
336
83
80
177
176
210
308
143
72
390
143
130
320
190
160
618
130
59
565
475
180
449
132
205
249
1500
202
450
1617
1103
500
207
117
326
345
136
113
124
520
190
111
200
103
114
360
122
550
165
500
82
36
395
42
140
395
395
140
266
55
150
163
94
48
230
169
160
168
151
95
95
127
115
115
229
580
90
84
235
101
49
442
133
161
115
230
115
523
211
95
50
400
120
115
70
229
151
50
400
43
400
109
151
110
66
500
448
56
1500
345
1500
1500
1500
65
250
48
1500
103
98
14000
99
100
179
85
1500
600
1500
180
1500
1500
899
1500
48
103
81
81
125
111
90
50
1500
662
50
99
152
183
166
1500
1500
196
278
1500
55
1500
128
152
36
1000
30
200
225
73
419
95
40
102
132
610
60
500
681
33
407
88
300
80
49
47
91
89
65
885
985
284
50
234
94
94
94
94
127
410
136
136
136
90
85
1519
34
448
999
1299
147
65
89
82
109
1154
116
119
347
125
119
82
223
146
297
162
50
80
53
516
580
258
150
50
130
450
442
648
250
71
543
200
152
657
122
44
50
48
35
1000
145
94
75
250
140
230
38
55
50
86
148
280
160
738
74
78
120
35
135
200
420
300
350
51
130
32
56
100
65
113
54
48
71
260
640
104
65
66
20
156
400
136
151
181
96
74
117
413
977
117
316
397
406
431
187
85
25
136
147
160
127

92
172
164
104
520
68
97
160
157
225
108
249
250
162
298
177
157
331
91
212
263
802
145
236
390
217
147
319
369
413
161
868
390
317
862
490
264
400
100
50
174
115
1550
102
117
94
47
1235
169
111
243
64
420
106
499
200
78
97
167
35
100
230
378
40
234
409
190
240
900
155

143
394
60
162
199
101
499
157
60
116
321
162
144
251
169
162
411
243
1000
211
180
36
212
133
140
150
53
440
513
191
80
640
151
413
900
900
117
190
108
114
1047
152
451
180
178
130
112
221

300
238
722
900
250
288
60
126
119
82
900
65
141
50
152
325
900
108
155
600
1500
120
93
290
293
399
147
461
160
900
85
300
470
221
436
40
117
118

211
95
172
137
212
170
130
495

123
89
326
246
157
300
440
163
115
136
900
1500
1500
89
75
375
90
300
85
800
30
700
79
600
172
404
643
20
151
167
280
193
292
96
362
300
268
161
103
950
186
129
406
152
182
243
379
86
101
116
145
362
35
82
147
201
2800
130
274
189
246
459
350
232
202
186
93
237
60
235
201
63
300
300
300
300
300
300
300
300
375
300
375
164
200
232
108
183
473
277
256
856
565
198
283
150
250
240
286
100
258
204
66
131
98
207
354
200
260
306
416
307
230
99
155
47
58
61
571
172
66
361
176
145
112
117
80
90
300
134
128
1880
823
310
197
142
331
316
102
97
186
386
195
183
140
141
208
127
1362
319
340
310
200
168
244
260
186
135
193
80
113
136
146
213
220
214
120
175
365
98
316
135
204
754
236
161
323
239
305
110
151
120
243
98
314
104
223
123
150
279
115
243
565
111
627
59
877
557
537
531
200
172
90
164
137
149
85
350
148
267
127
137
812
381
210
351
155
149
149
155
155
155
179
149
149
185
383
950
103
247
134
135
227
149
203
74
295
131
659
500
128
143
75
384
150
209
215
118
170
163
135
1500
334
183
223
1500
81
227
239
230
889
189
190
181
1729
297
363
500
289
396
35
98
112
120
122
230
44
116
130
780
499
180
223
145
145
150
155
26
323
500
105
137
4161
699
244
275
150
55
468
205
220
2270
237
204
92
165
69
478
179
750
799
162
499
167
500
164
587
191
95
390
800
411
373
55
260
172
103
78
128
93
160
262
129
146
155
70
61
180
276
270
222
787
85
500
313
500
148
500
544
128
129
231
225
262
150
220
550
258
68
84
120
126
149
108
137
141
77
220
102
124
200
372
193
120
282
194
221
140
55
124
89
166
136
390
1000
58
97
270
1500
1500
210
648
459
321
651
500
190
1182
225
3000
49
157
347
257
317
864
168
85
354
556
123
231
1500
520
404
154
61
61
61
61
68
95
225
80
144
230
145
202
139
247
138
70
258
215
345
34
55
295
185
1500
1343
219
349
762
50
141
102
50
2040
250
556
38
135
238
205
80
5000
254
180
153
58
123
55
117
66
50
135
162
119
169
411
85
178
412
130
283
161
177
230
360
253
999
999
999
999
999
999
158
999
999
999
224
70
222
238
170
222
217
189
806
683
407
157
463
186
116
186
151
370
177
87
205
335
168
132
256
700
264
105
106
755
261
600
329
65
170
150
237
297
148
330
195
135
209
236
195
182
607
199
100
108
264
300
162
119
143
131
125
609
69
519
152
457
1187
11600
562
555
217
115
11600
183
710
300
308
274
70
70
501
1032
480
63
99
324
219
144
120
189
65
400
175
253
155
240
226
261
58
202
119
68
348
70
68
629
261
202
190
68
58
58
520
54
159
187
291
77
109
269
100
230
380
142
186
70
168
1020
1150
789
563
500
180
322
415
85
500
500
55
221
399
279
192
325
348
117
128
179
313
699
242
292
128
165
89
135
116
141
131
96
475
128
528
144
150
280
995
500
3125
157
25
252
375
73
186
138
44
44
11600
11600
60
11600
11600
162
130
29
1600
146
199
105
17
88
204
184
88
122
281
461
41
50
220
383
18
180
81
105
200
39
124
148
215
74
81
145
78
72
406
70
160
2500
358
274
179
3000
259
21
223
194
389
153
700
1500
177
166
200
398
500
95
60
145
176
113
250
288
123
205
235
82
268
149
120
200
246
241
95
216
130
160
150
227
220
80
288
157
129
87
381
202
49
140
327
92
230
205
54
117

151
152
160
1500
150
428
177
350
143
294
97
157
684
65
135
310
250
387
549
228
278
97
591
173
275
274
1632
33
30
150
46
50
163
80
239
500
110
143
104
160
280
90
95
680
56
60
25000
173
220
118
150
689
233
56
170
69
102
141
98
85
217
237
289
180
250
157
153
200
142
80
396
150
137
180
210
81
1170
115
139
185
103
103
103
103
574
150
175
217
96
600
43
267
167
258
1500
200
441
2610
156
175
236

333
354
644
517
254
59
384
88
52
37
193
400
20
196
498
51
357
699
159
52
200
100
92
71
75
120
21
18
174
161
353
501
119
400
203
236
80
3000
420
122
285
140
160
283
1500
159
112
150
150
80
220
70
210
75
162
65
147
187
80
80
55
158
101
105
113
155
290
1000
177
145
406
385
299
404
945
259
200
94
206
122
18
176
90
137
93
114
130
115
121
40
123

112
74
210
270
500
560
1500
126
126
467


77
77
28
905
70
225
88
98
700
460
571

101
83
46
321
400
100
428
185
89
170
180
314
490
149
359
473
127
108
100
180
35
61
108
338
90
90
366
90
390
60
100
90
155
342
120
94
94
94
120
242

262
120
201
91

140
135
154
42
475
134
236
205
70
960
85
175
163
500
494
502
113
210
210
210
300
170
127
205
62
315
117
150
154
400
759
590
51
270
376
194
4458
999
135
555
176
106
350
149
150
110
400
145
89
157
135
126
1000
80
511
511
511
511
511
511
511
1398
1783
300
95
1348
258
118
176
247
300
252
76
238
99
344
136
236
89
428
245
140
130
45
190
100
211
371
298
128
156
45
65
283
75
158
300
283
890
130
90
141
141
90
90
90
97
90
118
1248
528
1200
180
144
132
190
170
735
697
130
259
161
697
1193
178
531
1024
592
236
189
286
52
635
444
514
333
221
155
411
56
113
300
59
48
58
689
462
240
82
152
100
120
140
156
169
95
289
428
50
99
110
138
349
495
100
206
29
29
29
29
29
318
29
29
173
519
45
312
545
49
269
184
187
79
1589
40
205
320
35
128
123
105
105
105
242
500
1000
392
232
167
140
145
105
94
94
94
205
118
225
388
250
295
165
341
268
214
90
100
266
440
84
556
451
468
148
692
68
585
447
493
232
125
125
125
125
125
125
125
125
100
100
190
117
75
999
999
999
486
486
393
57
98
481
231
295
323
486
6000
300
155
299
113
180
207
63
182
572
180
150
185
109
623
313
152
999
999
999
492
492
492
352
205
113
224
276
170
91
395
80
80
164
372
164
132
500
120
29
29
29
29
29
230
1300
51
200
224
496
527
375
205
419
339
178
241
385
65
140
43
1235
1249
97
1249
1249
132
160
330
324
124
1800
117
170
347
264
121
393
200
250
285
178
484
110
118
117
248
263
523
621
41
304
77

195
176
245
41
269
144
114
183
195
140
1000
357
61
999
105
999
999
492
492
492
999
999
999
492
76
201
182
176
492
492
108
368
175
48
349
119
220
78
252
183
116
48
80
51
110
244
95
120
49
462
320
320
980
38
87
53
35
150
33
148
518
111
111
111
100
100
100
129
118
87
30
297
45
40
45
282
280
390
345
148
300
375
106
247
330
229
520
520
214
266
189
144
260
163
772
1974
326
550
73
115
349
533
374
425
496
1563
218
74
183
218
242
965
440
150
286
231
618
195
207
103
40
64
66
118
437
489
1894
288
999
1308
999
366
378
430
1312
310
386
380
170
260
266
133
573
415
446
426
512
691
571
449
397
999
529
999
345
506
611
553
304
999
349
864
294
999
362
380
170
336
860
135
621
120
310
460
864
691
864
277
404
282
506
983
340
277
731
353
285
211
70
155
700
89
40
459
362
476
1093
392
249
478
518
328
648
454
478
449
449
300
621
564
999
553
357
414
588
415
999
437
795
484
335
570
380
168
633
899
392
202
444
792
573
519
987
67
75
56
70
238
432
122
22
79
161
205
85
32
80
155
86
113
51
51
1450
70
186
228
80
114
320
70
680
35
455
68
591
404
760
999
605
999
1109
461
633
75
364
97
323
72
122
69
165
164
1400
93
67
275
633
223
399
811
870
42
1200
1440
504
117
470
160
135
117
189
117
115
517
125
1623
680
518
125
179
254
160
253
92
92
92
92
801
137
197
55
116
285
469
242
144
186
110
108
117
586
257
1114
525
113
100
235
128
481
100
510
497
2600
197
123
93
110
110
206
111
161
800
60
173
238
664
325
580
500
175
374
600
415
224
35
17
185
190
140
351
135
437
202
137
250
348
42
52
560
108
421
268
143
250
207
109

251
293
185
152
1141
45
1136
40
550
100
223
180
68
368
46
400
288
176
49
417
413
74
284
484
120
52
57
158
1000
276
434
57
43
45
421
110
110
99
605
125
35
600
159
160
170
50
100
69
120
86
150
45
343
235
66
38
564
169
900
35
68
1411
213
250
297
649
258
280
177
266
222
127
70
59
154
412
67
840
98
557
73
210
540
530
540
61
266
999
285
703
405
232
138
48
87
473
82
630
252
800
139
66
66
184
65
82
214
700
230
356
307
65
350
236
198
80
165
350
195
88
864
267
203
187
399
50
181
71
51
510
600
284
1041
326
80
230
144
856
302
60
317
600
317
365
122
183
470
542
146
367
294
60
164
196
319
160
79
590
65
251
189
472
38
141
319
346
494
417
205
376
360
23
235
506
223
352
45
410
225
334
207
258
305
105
105
60
143
469
1049
146
109
236
222
91
400
199
550
1049
1049
1049
1049
129
111
148
864
160
1500
180
154
60
317
368
789
354
435
123
62
332
485
196
1049
440
305
249
1049
315
263
301
170
75
65
237
408
453
224
290
421
320
521
369
552
404
530
371
179
205
334
548
242
379
152
828
825
5201
441
1000
220
346
267
300
461
65
1210
135
95
48
95
55
50
78
184
35
174
50
200
62
117
431
356
478
401
277
206
299
685
790
142
266
58
204
360
129
143
346
105
106
541
339
369
338
64
118
265
300
224
165
722
1073
95
23
1070
200
60
30
75
85
199
292
100
100
242
454
243
212
470
785
167
619
131
155
10752
808
803

625
190
582
87
489
267
109
1371
101
461
145
149
979
281
197
186
55
140
186
294
334
102
80
70
316
1066
407
310
2125
663
430
250
409
524
226
903
1319
499
380
484
317
555
633
338
386
720
841
340
390
328
564
484
1071
777
449
864
824
254
455
186
390
229
397
599
691
467
345
588
996
426
999
316
386
518
461
885
1001
321
491
549
150
484
625
593
1357
999
469
680
274
506
437
1186
999
570
972
444
576
583
501
495
404
147
143
424
581
328
113
432
369
397
773
795
999
415
288
362
512
166
375
506
999
260
1406
180
361
999
404
477
789
212
519
420
418
748
999
455
208
748
420
588
817
649
484
668
553
437
277
805
572
266
297
213
340
265
334
613
999
101
800
282
196
354
404
807
173
568
668
218
404
185
82
415
415
415
501
873
661
532
260
518
378
378
378
317
592
202
437
501
322
248
202
202
406
364
361
465
302
185
253
388
353
647
202
668
256
402
170
234
95
224
503
497
288
185
55
45
40
483
252
464
508
576
480
310
484
288
455
202
335
265
288
320
449
999
277
328
310
216
496
372
484
452
345
374
576
198
160
333
407
147
226
179
371
353
229
482
369
179
944
184
415
432
189
90
112
229
203
203
229
203
321
100
90
701
365
90
90
77
202
240
100
103
90
90
90
155
294
129
98
309
347
82
40
176
143
204
40
324
176
203
4000
205
59
90
281
126
113
248
240
364
235
336
112
78
113
130
131
274
160
138
123
119
170
181
317
47
298
114
120
91
239
82
352
55
119
176
500
174
88
500
500
500
328
500
76
160
329
100
51
229
120
239
56
278
244
198
144
282
231
399
380
114
292
329
155
292
626
200
137
500
117
454
118
350
315
85
203
423
160
252
296
110
800
165
193
427
336
427
287
299
286
317
110
73
352
400
79
291
244
128
101
73
195
60
65
717
164
34
465
332
35
86
41
200
229
194
40
247
460
3850
262
65
341
232
500
74
164
494
471
329
253
256
50
29
470
29
515
448
380
129
136
120
60
163
163
80
463
290
128
775
1500
340
65
267
739
113
270
271
158
65
50
296
150
143
240
64
75
69
26
284
97
519
305
217
123
270
155
388
100
73
170
115
180
600
269
376
150
105
196
229
304
95
258
500
1500
25
280
180
171
110
64
97
529
140
150
69
150
150
208
229
221
294
294
210
150
132
197
395
285
60
284
79
404
765
526
282
194
74
60
145
100
184
69
375
268
94
176
165
248
405
240
80
203
456
106
150
992
83
83
154
170
105
658
240
155
155
43
323
1765
63
80
82
115
50
657
232
232
304
221
50
100
81
70
80
570
623
196
245
90
191
320
105
242
249
236
86
35
115
56
180
134
134
134
134
263
107
106
135
1158
55
75
369
58
176
544
64
21
364
233
247
130
183
309
143
70
125
164
989
352
190
560
710
229
315
20
24
98
432
116
1250
60
354
89
800
120
102
210
189
161
250
63
65
180
160
1130
110
176
275
223
561
96
600
150
223
157
421
505
91
800
120
123
196
315
189
190
56
221
45
36
98
75
102
282
45
74
105
60
95
72
85
150
150
141
79
133
203
255
303
255
303
180
2400
438
196
541
444
3086
158
161
69
312
76
116
60
601
140
214
235
86
2043
353
267
160
157
75
544
435
87
8211
440
676
160
62
172
164
440
399
155
155
155
647
428
68
130
100
309
284
132
69
58
250
270
135
102
100
1100
391
129
129
100
50
200
419
994
75
265
270
50
215
999
999
999
999
486
492
550
180
240

79
70
150
200
31
650
90
60
142
90
293
104
80
34
42
130
67
44
107
750
1095
388
113
25000
25000
25000
209
25000
25000
25000
25000
235
340
350
90
132
25000
25000
25000
529
118
340
113
350
102
155
81
84
730
133
123
363
239
561
417
548
378
269
79
1774
338
341
49
601
814
344
434
338
454
338
363
311
366
439
540
1682
463
160
545
160
160
1624
364
52
160
160
160
160
1040
174
220
400
121
160
160
160
160
366
120
57
52
350
60
579
90
145
99
51
274
115
130
375
450
679
195
90
360
43
199
256
168
332
350
55
124
865
420
373
433
294
741
843
999
1679
814
478
486
1310
380
666
556
528
596
1064
543
422
399
358
729
558
806
425
1392
324
530
625
446
596
1031
69
668
442
418
525
999
700
368
358
317
379
346
400
413
210
326
576
404
464
428
61
467
471
519
1116
289
395
434
1225
496
557
539
426
417
540
264
710
562
412
682
529
499
118
1437
718
340
606
827
880
325
410
412
416
381
318
583
317
200
125
1858
290
228
273
354
358
382
354
380
626
475
385
295
525
104
920
183
121
2100
80
55
121
21
38
115
357
300
470
426
418
297
420
100
294
672
381
366
600
39
228
598
223
310
84
79
78
401
158
158
442
680
400
120
39
75
80
80
150
94
70
179
46
94
30
125
925
26
32
87
412
259
398
95
39
125
148
50
120
160
1500
30
477
519
80
117
77
90
112
87
80
457
232
2131
70
351
106
50
175
175
64
443
2000
190
98
282
95
341
360
60
110
75
1794
160
65
260
204
136
354
242
165
94
52
314
117
117
183
314
314
235
117
281
150
151
173
170
221
44
90
257
40
66
56
223
94
73
21
570
36
354
398
144
158
289
99
286
542
48
308
100
45
20
174
51
285
124
359
28
79
128
321
35
314
300
428
270
120
257
159
117
160
193
134
178
126
200
132
373
357
750
160
799
158
145
21
80
355
392
133
267
529
105
328
287
164
178
261
45
447
120
50
170
246
629
211
45
39
18
289
255
102
108
205
235
185
37
739
175
75
100
30
104
550
486
230
100
100
64
100
194
44
80
120
44
271
1139
87
180
195
202
278
237
100
185
28
29
176
200
4800
354
150
65
220
149
56
84
492
390
1150
110
673
148
435
206
202
350
656
101
68
375
85
75
44
423
48
709
252
310
75
40
120
256
105
160
280
32
428
291
72
892
180
150
150
136
150
341
124
136
426
413
172
65
116
80
266
118
44
261
75
102
141
80
190
208
105
124
58
75
360
118
294
142
56
86
28
154
117
335
158
46
60
1130
578
203
44
60
360
149
605
73
249
138
138
129
456
138
138
213
120
474
500
120
184
176
30
30
121
44
32
44
44
111
40
29
130
90
53
226
106
114
96
100
393
160
200
55
200
459
65
71
1076
126
750
141
395
199
26
769
150
60
52
50
70
359
100
126
65
685
126
567
447
568
134
200
70
39
342
200
350
400
375
562
562
431
431
562
562
99
1194
579
387
223
169
100
250
173
70
255
150
32
45
1244
65
60
106
107
149
211
49
1636
152
100
159
147
21
72
787
1162
1312
71
64
55
133
86
76
120
396
211
232
156
210
65
265
1445
480
40
222
104
80
43
107
211
45
900
120
900
459
43
473
449
87
129
474
229
39
191
80
112
98
140
168
640
567
100
100
225
106
157
314
312
240
240
163
91
160
199
85
129
279
199
198
44
166
480
336
137
196
35
317
769
159
1910
152
217
30
1147
336
129
105
105
105
105
157
447
160
94
180
999
162
190
86
58
45
272
140
39
38
44
212
259
64
90
291
188
29
173
395
49
30
117
227
80
206
266
195
132
40
145
30
339
325
209
349
64
43
112
140
190
586
934
200
178
282
128
336
651
420
147
54
146
130
1414
68
45
66
43
45
257
355
80
376
429
273
510
45
118
95
244
241
358
216
111
387
600
80
200
96
96
190
79
175
140
56
99
1000
44
450
346
312
60
34
546
161
302
102
250
284
60
104
190
225
168
89
258
180
46
95
312
168
72
87
427
120
29
350
295
147
132
230
194
189
434
148
276
96
158
265
176
272
36
50
161
157
275
236
283
600
137
165
396
100
900
136
45
88
105
547
223
247
180
90
588
51
78
53
124
352
1058
529
120
120
590
203
202
129
77
103
155
72
92
92
83
420
38
69
44
71
108
60
89
209
200
220
260
125
475
70
361
218
421
259
251
78
212
188
160
77
104
220
65
166
767
152
180
200
64
223
223
588
320
32
120
1794
1561
575
690
1111
125
826
155
234
155
336
59
370
137
189
132
401
200
185
200
287
110
101
239
140
136
264
50
112
227
295
129
162
152
80
41
90
565
220
213
427
264
141
303
222
295
86
170
249
117
223
234
158
176
56
135
225
242
144
900
190
265
243
250
190
34
590
92
317
281
707
294
144
236
382
48
341
99
209
222
200
144
89
58
324
45
95
43
183
378
121
663
220
128
175
85
208
461
176
309
48
250
334
50
36
42
320
130
161
144
131
408
117
475
467
90
577
92
225
235
70
234
219
360
155
185
270
245
129
261
211
220
177
48
238
41
808
379
135
276
156
235
100
237
309
147
300
827
1303
780
186
524
132
122
56
97
472
82
407
372
103
30
72
234
368
400
169
289
693
251
214
138
44
100
170
115
538
197
301
383
177
207
108
150
182
196
362
228
198
177
110
55
44
400
257
590
40
158
87
34
90
104
208
174
216
37
178
309
224
165
135
265
152
228
385
585
234
197
90
343
278
125
212
151
87
100
250
238
160
364
220
296
85
259
47
259
239
193
26
254
599
162
90
177
130
425
24
30
99
99
714
209
402
211
234
136
98
180
502
312
100
112
312
238
38
456
91
154
284
222
650
183
145
450
30
40
189
125
330
32
45
138
450
3000
380
220
161
330
694
254
583
704
128
900
77
88
129
63
226
160
117
287
354
329
44
211
116
142
67
138
35
347
422
296
117
38
394
310
110
56
25
229
378
114
72
111
305
223
278
369
210
551
111
88
39
235
124
175
49
40
75
393
502
584
115
354
774
382
212
107
213
104
223
227
630
62
53
49
136
54
74
217
197
152
49
137
121
135
107
176
123
275
137
206
281
239
274
391
240
165
398
110
233
145
150
109
259
59
325
45
77
35
59
345
165
264
259
240
328
880
89
158
469
121
107
215
143
114
158
135
137
96
149
145
96
86
131
105
102
102
84
421
114
155
90
102
818
462
144
270
306
1202
117
237
194
150
29
88
67
409
114
284
254
176
340
225
44
177
460
425
923
198
65
489
283
166
160
178
464
70
553
125
125
319
244
460
22
